---------------------------------------------------------------------------------------------------------------------------------
      name:  <unnamed>
       log:  C:\Users\César\Dropbox\Boston University\8-Research Assistantship\ukData\output/sesPanelEmpshare.txt
  log type:  text
 opened on:  26 Feb 2020, 11:33:07

. table   nYears year, contents(sum occEmpShare)

--------------------------------------------------------------------------------------------------------------------------------
          |                                                         year                                                        
   nYears |     1997     1998     1999     2000     2001     2002     2003     2004     2005     2006     2007     2008     2009
----------+---------------------------------------------------------------------------------------------------------------------
        1 | .0008953 .0009804 .0011877  .000938 .0020046 .0022442 .0020468 .0019449 .0019749 .0021065 .0018509 .0017646  .001688
        2 | .0036868 .0035669 .0031744 .0032304 .0049802 .0049299 .0043255 .0038743 .0040001 .0035337 .0039928 .0038627 .0038919
        3 | .0160963 .0156804 .0156291 .0150062 .0173854 .0169141 .0160823 .0161956 .0152508 .0150472 .0146126 .0152301 .0146261
        4 | .1212537 .1235056 .1254374  .128467 .1322239 .1312348 .1320269 .1355453 .1353985 .1389145 .1394931 .1403211 .1403029
        5 | .8580679 .8562667 .8545714 .8523583  .843406 .8446771 .8455185 .8424399 .8433758 .8403981 .8400505 .8388215  .839491
--------------------------------------------------------------------------------------------------------------------------------

-----------------------------------------------------------------------------------
          |                                  year                                  
   nYears |     2010     2011     2012     2013     2014     2015     2016     2017
----------+------------------------------------------------------------------------
        1 | .0014961 .0017455 .0015658 .0015967 .0017096 .0017704 .0016823 .0014296
        2 | .0036108 .0041144 .0035983 .0041044 .0044085 .0040663 .0034639   .00332
        3 | .0140859 .0147905 .0137324 .0148138 .0149668 .0138568 .0138149 .0154499
        4 | .1410033 .1403082 .1375246  .138817 .1387131   .14011 .1459436 .1487837
        5 | .8398039 .8390413 .8435789 .8406681  .840202 .8401966 .8350953 .8310168
-----------------------------------------------------------------------------------

. log             close
      name:  <unnamed>
       log:  C:\Users\César\Dropbox\Boston University\8-Research Assistantship\ukData\output/sesPanelEmpshare.txt
  log type:  text
 closed on:  26 Feb 2020, 11:33:07
---------------------------------------------------------------------------------------------------------------------------------
